Matrix format solution
0
1
(5
0 1
0 2
0 3
1 2
1 4
2 3
2 4
3 1
3 4
4 0
)
1 / 1
0
1 / 16
1 / 100000
1 / 16
5
2
((1
), 0)
((3
0 2
1 0
2 1
), 0 1 2)
4
((3
1 0
2 0
2 1
), 0)
((3
0 2
1 0
2 1
), 0)
((3
1 0
2 0
2 1
), 1)
((3
1 0
2 0
2 1
), 2)
8
((4
0 2
0 3
1 0
1 3
2 1
3 2
), 0 1 2)
((4
0 2
0 3
1 0
1 3
2 1
2 3
), 0 1 2)
((4
0 2
0 3
1 0
1 3
2 1
3 2
), 1 2 0)
((4
0 2
0 3
1 0
1 3
2 1
3 2
), 2 0 1)
((4
0 2
0 3
1 0
1 3
2 1
3 2
), 1 2 3)
((4
0 1
0 2
0 3
1 3
2 1
3 2
), 1 2 3)
((4
0 2
0 3
1 0
1 3
2 1
3 2
), 2 3 1)
((4
0 2
0 3
1 0
1 3
2 1
3 2
), 3 1 2)
1
1
1 1 1 5 / 16
1 1 2 -5 / 16
1 1 3 -5 / 16
1 1 4 5 / 16
1 2 2 5 / 16
1 2 3 5 / 16
1 2 4 -5 / 16
1 3 3 5 / 16
1 3 4 -5 / 16
1 4 4 5 / 16
2 1 1 24 / 5
2 1 2 12 / 5
2 1 3 6 / 5
2 1 4 6 / 5
2 1 5 -6 / 5
2 1 6 -12 / 5
2 1 7 -6 / 5
2 1 8 -24 / 5
2 2 2 5 / 1
2 2 3 12 / 5
2 2 4 12 / 5
2 2 5 -12 / 5
2 2 6 -5 / 1
2 2 7 -12 / 5
2 2 8 -12 / 5
2 3 3 27 / 5
2 3 4 6 / 5
2 3 5 -27 / 5
2 3 6 -12 / 5
2 3 7 -6 / 5
2 3 8 -6 / 5
2 4 4 24 / 5
2 4 5 -6 / 5
2 4 6 -12 / 5
2 4 7 -24 / 5
2 4 8 -6 / 5
2 5 5 27 / 5
2 5 6 12 / 5
2 5 7 6 / 5
2 5 8 6 / 5
2 6 6 5 / 1
2 6 7 12 / 5
2 6 8 12 / 5
2 7 7 24 / 5
2 7 8 6 / 5
2 8 8 24 / 5
