Squares format solution
0
1
(5
0 1
0 2
0 3
1 2
1 3
1 4
2 3
2 4
3 4
4 0
)
1 / 1
0
5 / 16
1 / 100000
5 / 16
5
3
((1
), 0)
((3
1 0
2 0
2 1
), 0 1 2)
((3
0 2
1 0
2 1
), 0 1 2)
4
((3
1 0
2 0
2 1
), 0)
((3
0 2
1 0
2 1
), 0)
((3
1 0
2 0
2 1
), 1)
((3
1 0
2 0
2 1
), 2)
8
((4
1 0
2 0
2 1
3 0
3 1
3 2
), 0 1 2)
((4
0 1
0 2
0 3
1 3
2 1
3 2
), 1 2 0)
((4
1 0
2 0
2 1
3 0
3 1
3 2
), 0 1 3)
((4
0 2
0 3
1 0
1 3
2 1
3 2
), 3 0 1)
((4
0 2
0 3
1 0
1 3
2 1
2 3
), 3 0 1)
((4
1 0
2 0
2 1
3 0
3 1
3 2
), 0 2 3)
((4
0 2
0 3
1 0
1 3
2 1
3 2
), 2 3 0)
((4
1 0
2 0
2 1
3 0
3 1
3 2
), 1 2 3)
8
((4
0 2
0 3
1 0
1 3
2 1
3 2
), 0 1 2)
((4
0 2
0 3
1 0
1 3
2 1
2 3
), 0 1 2)
((4
0 2
0 3
1 0
1 3
2 1
3 2
), 1 2 0)
((4
0 2
0 3
1 0
1 3
2 1
3 2
), 2 0 1)
((4
0 2
0 3
1 0
1 3
2 1
3 2
), 1 2 3)
((4
0 1
0 2
0 3
1 3
2 1
3 2
), 1 2 3)
((4
0 2
0 3
1 0
1 3
2 1
3 2
), 2 3 1)
((4
0 2
0 3
1 0
1 3
2 1
3 2
), 3 1 2)
1
1
1
1 4 0 35 / 48
1 4 1 1 / 1
1 4 2 -1 / 1
1 4 3 -1 / 1
1 4 4 1 / 1
2 8 0 5
2 8 1 1 / 1
2 8 2 0 / 1
2 8 3 -1 / 1
2 8 4 1 / 1
2 8 5 0 / 1
2 8 6 1 / 1
2 8 7 -1 / 1
2 8 8 -1 / 1
3 8 0 12
3 8 1 0 / 1
3 8 2 1 / 1
3 8 3 0 / 1
3 8 4 0 / 1
3 8 5 0 / 1
3 8 6 -1 / 1
3 8 7 0 / 1
3 8 8 0 / 1
