Matrix format solution
0
1
(5
0 1
0 2
0 3
1 2
1 3
1 4
2 3
2 4
3 4
4 0
)
1 / 1
0
5 / 16
1 / 100000
5 / 16
5
3
((1
), 0)
((3
1 0
2 0
2 1
), 0 1 2)
((3
0 2
1 0
2 1
), 0 1 2)
4
((3
1 0
2 0
2 1
), 0)
((3
0 2
1 0
2 1
), 0)
((3
1 0
2 0
2 1
), 1)
((3
1 0
2 0
2 1
), 2)
8
((4
1 0
2 0
2 1
3 0
3 1
3 2
), 0 1 2)
((4
0 1
0 2
0 3
1 3
2 1
3 2
), 1 2 0)
((4
1 0
2 0
2 1
3 0
3 1
3 2
), 0 1 3)
((4
0 2
0 3
1 0
1 3
2 1
3 2
), 3 0 1)
((4
0 2
0 3
1 0
1 3
2 1
2 3
), 3 0 1)
((4
1 0
2 0
2 1
3 0
3 1
3 2
), 0 2 3)
((4
0 2
0 3
1 0
1 3
2 1
3 2
), 2 3 0)
((4
1 0
2 0
2 1
3 0
3 1
3 2
), 1 2 3)
8
((4
0 2
0 3
1 0
1 3
2 1
3 2
), 0 1 2)
((4
0 2
0 3
1 0
1 3
2 1
2 3
), 0 1 2)
((4
0 2
0 3
1 0
1 3
2 1
3 2
), 1 2 0)
((4
0 2
0 3
1 0
1 3
2 1
3 2
), 2 0 1)
((4
0 2
0 3
1 0
1 3
2 1
3 2
), 1 2 3)
((4
0 1
0 2
0 3
1 3
2 1
3 2
), 1 2 3)
((4
0 2
0 3
1 0
1 3
2 1
3 2
), 2 3 1)
((4
0 2
0 3
1 0
1 3
2 1
3 2
), 3 1 2)
1
1
1
1 1 1 35 / 48
1 1 2 -35 / 48
1 1 3 -35 / 48
1 1 4 35 / 48
1 2 2 35 / 48
1 2 3 35 / 48
1 2 4 -35 / 48
1 3 3 35 / 48
1 3 4 -35 / 48
1 4 4 35 / 48
2 1 1 5 / 1
2 1 2 0 / 1
2 1 3 -5 / 1
2 1 4 5 / 1
2 1 5 0 / 1
2 1 6 5 / 1
2 1 7 -5 / 1
2 1 8 -5 / 1
2 2 2 0 / 1
2 2 3 0 / 1
2 2 4 0 / 1
2 2 5 0 / 1
2 2 6 0 / 1
2 2 7 0 / 1
2 2 8 0 / 1
2 3 3 5 / 1
2 3 4 -5 / 1
2 3 5 0 / 1
2 3 6 -5 / 1
2 3 7 5 / 1
2 3 8 5 / 1
2 4 4 5 / 1
2 4 5 0 / 1
2 4 6 5 / 1
2 4 7 -5 / 1
2 4 8 -5 / 1
2 5 5 0 / 1
2 5 6 0 / 1
2 5 7 0 / 1
2 5 8 0 / 1
2 6 6 5 / 1
2 6 7 -5 / 1
2 6 8 -5 / 1
2 7 7 5 / 1
2 7 8 5 / 1
2 8 8 5 / 1
3 1 1 0 / 1
3 1 2 0 / 1
3 1 3 0 / 1
3 1 4 0 / 1
3 1 5 0 / 1
3 1 6 0 / 1
3 1 7 0 / 1
3 1 8 0 / 1
3 2 2 12 / 1
3 2 3 0 / 1
3 2 4 0 / 1
3 2 5 0 / 1
3 2 6 -12 / 1
3 2 7 0 / 1
3 2 8 0 / 1
3 3 3 0 / 1
3 3 4 0 / 1
3 3 5 0 / 1
3 3 6 0 / 1
3 3 7 0 / 1
3 3 8 0 / 1
3 4 4 0 / 1
3 4 5 0 / 1
3 4 6 0 / 1
3 4 7 0 / 1
3 4 8 0 / 1
3 5 5 0 / 1
3 5 6 0 / 1
3 5 7 0 / 1
3 5 8 0 / 1
3 6 6 12 / 1
3 6 7 0 / 1
3 6 8 0 / 1
3 7 7 0 / 1
3 7 8 0 / 1
3 8 8 0 / 1
