Matrix format solution
0
1
(5
0 1
0 2
0 3
1 2
1 3
1 4
2 3
3 4
4 0
4 2
)
1 / 1
0
15 / 128
1 / 100000
15 / 128
5
4
((1
), 0)
((2
1 0
), 0 1)
((3
1 0
2 0
2 1
), 0 1 2)
((3
0 2
1 0
2 1
), 0 1 2)
4
((3
1 0
2 0
2 1
), 0)
((3
0 2
1 0
2 1
), 0)
((3
1 0
2 0
2 1
), 1)
((3
1 0
2 0
2 1
), 2)
4
((3
1 0
2 0
2 1
), 0 1)
((3
0 2
1 0
2 1
), 0 1)
((3
1 0
2 0
2 1
), 0 2)
((3
1 0
2 0
2 1
), 1 2)
8
((4
1 0
2 0
2 1
3 0
3 1
3 2
), 0 1 2)
((4
0 1
0 2
0 3
1 3
2 1
3 2
), 1 2 0)
((4
1 0
2 0
2 1
3 0
3 1
3 2
), 0 1 3)
((4
0 2
0 3
1 0
1 3
2 1
3 2
), 3 0 1)
((4
0 2
0 3
1 0
1 3
2 1
2 3
), 3 0 1)
((4
1 0
2 0
2 1
3 0
3 1
3 2
), 0 2 3)
((4
0 2
0 3
1 0
1 3
2 1
3 2
), 2 3 0)
((4
1 0
2 0
2 1
3 0
3 1
3 2
), 1 2 3)
8
((4
0 2
0 3
1 0
1 3
2 1
3 2
), 0 1 2)
((4
0 2
0 3
1 0
1 3
2 1
2 3
), 0 1 2)
((4
0 2
0 3
1 0
1 3
2 1
3 2
), 1 2 0)
((4
0 2
0 3
1 0
1 3
2 1
3 2
), 2 0 1)
((4
0 2
0 3
1 0
1 3
2 1
3 2
), 1 2 3)
((4
0 1
0 2
0 3
1 3
2 1
3 2
), 1 2 3)
((4
0 2
0 3
1 0
1 3
2 1
3 2
), 2 3 1)
((4
0 2
0 3
1 0
1 3
2 1
3 2
), 3 1 2)
1
1
1
1
1 1 1 2473 / 6400
1 1 2 -363 / 1600
1 1 3 -757 / 1600
1 1 4 2007 / 6400
1 2 2 1407 / 6400
1 2 3 1441 / 6400
1 2 4 -349 / 1600
1 3 3 4659 / 6400
1 3 4 -12 / 25
1 4 4 2461 / 6400
2 1 1 99 / 3200
2 1 2 -99 / 3200
2 1 3 -99 / 3200
2 1 4 99 / 3200
2 2 2 99 / 3200
2 2 3 99 / 3200
2 2 4 -99 / 3200
2 3 3 99 / 3200
2 3 4 -99 / 3200
2 4 4 99 / 3200
3 1 1 31 / 40
3 1 2 43 / 40
3 1 3 -61 / 200
3 1 4 79 / 100
3 1 5 -241 / 200
3 1 6 1 / 25
3 1 7 -4 / 5
3 1 8 -37 / 100
3 2 2 1511 / 200
3 2 3 -131 / 200
3 2 4 331 / 100
3 2 5 -1253 / 200
3 2 6 3 / 4
3 2 7 -113 / 25
3 2 8 -5 / 4
3 3 3 18 / 25
3 3 4 -29 / 50
3 3 5 3 / 4
3 3 6 -1 / 4
3 3 7 7 / 25
3 3 8 1 / 25
3 4 4 187 / 50
3 4 5 -113 / 25
3 4 6 7 / 25
3 4 7 -223 / 100
3 4 8 -79 / 100
3 5 5 15 / 2
3 5 6 -67 / 100
3 5 7 331 / 100
3 5 8 11 / 10
3 6 6 67 / 100
3 6 7 -27 / 50
3 6 8 -7 / 25
3 7 7 187 / 50
3 7 8 19 / 25
3 8 8 79 / 100
4 1 1 391 / 100
4 1 2 -319 / 100
4 1 3 13 / 20
4 1 4 13 / 20
4 1 5 -123 / 50
4 1 6 87 / 50
4 1 7 9 / 50
4 1 8 -37 / 25
4 2 2 367 / 50
4 2 3 -159 / 50
4 2 4 -159 / 50
4 2 5 7 / 4
4 2 6 -76 / 25
4 2 7 7 / 4
4 2 8 7 / 4
4 3 3 389 / 100
4 3 4 13 / 20
4 3 5 -37 / 25
4 3 6 7 / 4
4 3 7 -123 / 50
4 3 8 9 / 50
4 4 4 389 / 100
4 4 5 9 / 50
4 4 6 7 / 4
4 4 7 -37 / 25
4 4 8 -123 / 50
4 5 5 389 / 100
4 5 6 -159 / 50
4 5 7 13 / 20
4 5 8 13 / 20
4 6 6 367 / 50
4 6 7 -159 / 50
4 6 8 -159 / 50
4 7 7 389 / 100
4 7 8 13 / 20
4 8 8 389 / 100
