Matrix format solution
0
1
(5
0 1
0 2
1 2
1 3
1 4
2 3
2 4
3 0
3 4
4 0
)
1 / 1
0
3 / 8
1 / 100000
3 / 8
5
2
((1
), 0)
((3
0 2
1 0
2 1
), 0 1 2)
4
((3
1 0
2 0
2 1
), 0)
((3
0 2
1 0
2 1
), 0)
((3
1 0
2 0
2 1
), 1)
((3
1 0
2 0
2 1
), 2)
8
((4
0 2
0 3
1 0
1 3
2 1
3 2
), 0 1 2)
((4
0 2
0 3
1 0
1 3
2 1
2 3
), 0 1 2)
((4
0 2
0 3
1 0
1 3
2 1
3 2
), 1 2 0)
((4
0 2
0 3
1 0
1 3
2 1
3 2
), 2 0 1)
((4
0 2
0 3
1 0
1 3
2 1
3 2
), 1 2 3)
((4
0 1
0 2
0 3
1 3
2 1
3 2
), 1 2 3)
((4
0 2
0 3
1 0
1 3
2 1
3 2
), 2 3 1)
((4
0 2
0 3
1 0
1 3
2 1
3 2
), 3 1 2)
1
1
1 1 1 15 / 8
1 1 2 -33 / 40
1 1 3 -117 / 40
1 1 4 15 / 8
1 2 2 33 / 40
1 2 3 33 / 40
1 2 4 -33 / 40
1 3 3 201 / 40
1 3 4 -117 / 40
1 4 4 15 / 8
2 1 1 36 / 5
2 1 2 0 / 1
2 1 3 -18 / 5
2 1 4 -18 / 5
2 1 5 -18 / 5
2 1 6 0 / 1
2 1 7 -18 / 5
2 1 8 36 / 5
2 2 2 192 / 5
2 2 3 0 / 1
2 2 4 0 / 1
2 2 5 0 / 1
2 2 6 -192 / 5
2 2 7 0 / 1
2 2 8 0 / 1
2 3 3 36 / 5
2 3 4 -18 / 5
2 3 5 36 / 5
2 3 6 0 / 1
2 3 7 -18 / 5
2 3 8 -18 / 5
2 4 4 36 / 5
2 4 5 -18 / 5
2 4 6 0 / 1
2 4 7 36 / 5
2 4 8 -18 / 5
2 5 5 36 / 5
2 5 6 0 / 1
2 5 7 -18 / 5
2 5 8 -18 / 5
2 6 6 192 / 5
2 6 7 0 / 1
2 6 8 0 / 1
2 7 7 36 / 5
2 7 8 -18 / 5
2 8 8 36 / 5
